28
-1 0 2 0 3 0 4 4 0 7
1 0 2 0 3 0 0 0 0 0
1 0 2 0 3 0 5 5 0 8
1 0 0 0 0 0 0 0 0 0
0 0 0 0 0 0 6 6 0 9
0 0 0 0 0 0 0 0 0 0
0 0 0 0 1 0 0 4 0 10
0 0 0 0 1 0 0 4 0 0
0 0 0 0 0 0 0 0 0 0
2 2 2 2 0 0 0 0 -1 3
-2
-1 -1 -1 -1 0 0 0 X 1 0
A 0 0 0 0 0 0 0 0 0
-1 -1 -1 X 0 -1 -1 -1 -1 0
0 0 0 0 0 0 0 0 0 0
0 0 0 0 0 0 0 0 X 0
0 0 0 0 0 0 0 0 0 0
0 0 0 0 -1 0 0 9 0 0
0 0 0 0 -1 0 0 9 0 0
0 0 0 0 0 0 0 0 0 0
X -1 -1 -1 0 0 0 0 8 -1
-3
1 1 1 1 0 0 0 4 4 0
A 0 0 0 0 0 0 0 0 0
2 2 2 2 0 4 4 4 4 0
0 0 0 0 0 0 0 0 0 0
0 0 0 0 0 0 0 0 X 0
0 0 0 0 0 0 0 0 0 0
0 0 0 0 6 0 0 9 0 0
0 0 0 0 -1 0 0 9 0 0
0 0 0 0 0 0 0 0 0 0
7 7 -1 7 0 0 0 0 8 -1
-4
1 0 2 0 3 0 4 4 0 7
1 0 2 0 3 0 0 0 0 0
1 0 2 0 3 0 5 5 0 8
1 0 0 0 0 0 0 0 0 0
0 0 0 0 0 0 6 6 0 9
0 0 0 0 0 0 0 0 0 0
0 0 0 0 1 0 0 4 0 10
0 0 0 0 1 0 0 4 0 0
0 0 0 0 0 0 0 0 0 0
