14
1 0 2 A 3 0 4 0 5 5
0 0 0 0 A 0 0 0 A 0
0 A 0 0 0 0 A 0 6 6
0 0 0 0 0 0 0 A 0 A
0 0 0 A 0 0 0 0 7 7
A 0 0 0 0 0 0 0 0 0
0 A A 0 A 0 0 8 -1 8
0 0 0 A A 0 0 A 0 0
0 0 0 0 0 A 0 9 9 9
-1 10 10 10 A 0 0 0 0 0
-2
X 0 0 0 0 0 0 0 0 X
0 0 0 0 -1 0 -1 X 0 0
0 0 0 0 X 0 0 0 0 0
0 0 0 0 0 0 0 -1 0 0
0 0 0 0 0 0 0 X 0 0
-1 -1 X 0 0 0 0 0 0 0
0 0 0 0 -1 0 0 0 0 0
0 0 0 0 -1 0 0 -1 -1 X
0 0 0 0 -1 0 0 0 0 0
X 0 0 0 X 0 0 0 0 X
-3
1 0 2 A 3 0 4 0 5 5
0 0 0 0 A 0 0 0 A 0
0 A 0 0 0 0 A 0 6 6
0 0 0 0 0 0 0 A 0 A
0 0 0 A 0 0 0 0 7 7
A 0 0 0 0 0 0 0 0 0
0 A A 0 A 0 0 8 -1 8
0 0 0 A A 0 0 A 0 0
0 0 0 0 0 A 0 9 9 9
-1 10 10 10 A 0 0 0 0 0
-4
X 0 0 0 0 0 0 0 0 X
0 0 0 0 -1 0 -1 X 0 0
0 0 0 0 X 0 0 0 0 0
0 0 0 0 0 0 0 -1 0 0
0 0 0 0 0 0 0 X 0 0
-1 -1 X 0 0 0 0 0 0 0
0 0 0 0 -1 0 0 0 0 0
0 0 0 0 -1 0 0 -1 -1 X
0 0 0 0 -1 0 0 0 0 0
